0
0 5
6
0 1 16
0 2 13
1 3 12
2 1 4
2 4 14
3 2 9
3 5 20
4 3 7
4 5 4
0
0 5
6
0 1 16
0 2 13
1 3 12
2 1 4
2 4 14
3 2 9
3 5 20
4 3 7
4 5 4
0
0 5
6
0 1 16
0 2 13
1 3 12
2 1 4
2 4 14
3 2 9
3 5 20
4 3 7
4 5 4
8
0 5
6
0 1 16
0 2 13
1 3 12
2 1 4
2 4 14
3 2 9
3 5 20
4 3 7
4 5 4
8
0 5
6
0 1 16
0 2 13
1 3 12
2 1 4
2 4 14
3 2 9
3 5 20
4 3 7
4 5 4
8
0 5
6
0 1 16
0 2 13
1 3 12
2 1 4
2 4 14
3 2 9
3 5 20
4 3 7
4 5 4
8
0 5
6
0 1 16
0 2 13
1 3 12
2 1 4
2 4 14
3 2 9
3 5 20
4 3 7
4 5 4
8
0 5
6
0 1 16
0 2 13
1 3 12
2 1 4
2 4 14
3 2 9
3 5 20
4 3 7
4 5 4
24
0 0
6
0 1 4
0 2 1
1 3 0
2 1 4
2 4 3
3 2 9
3 5 0
4 3 0
4 5 0
4
0 0
6
0 1 12
0 2 13
1 3 8
2 1 4
2 4 10
3 2 5
3 5 20
4 3 7
4 5 0
24
0 0
6
0 1 4
0 2 1
1 3 0
2 1 4
2 4 3
3 2 9
3 5 0
4 3 0
4 5 0
23
0 0
6
0 1 4
0 2 2
1 3 0
2 1 4
2 4 3
3 2 9
3 5 1
4 3 0
4 5 0
